# Emission spectrum of  in ethanol
#
# Data from PhotochemCAD 2.1a has been munged on  2 June 2017 by Scott Prahl to make
# the information available to non-Windows users.  Although I have tried to be as careful
# as possible, I may have introduced some error; the cautious user is advised to compare
# these results with the original sources at www.photochemcad.com:
#
# H. Du, R. A. Fuh, J. Li, A. Corkan, J. S. Lindsey, "PhotochemCAD: A computer-aided design
#     and research tool in photochemistry," Photochem. Photobiol., 68, 141-142, 1998. 
# J. M. Dixon, M. Taniguchi and J. S. Lindsey "PhotochemCAD 2. A refined program with accompanying 
#     spectral databases for photochemical calculations", Photochem. Photobiol., 81, 212-213, 2005.
#
# The spectral absorption measurements were made by  on on 06-20-1995 
# using a Spex FluoroMax.   The excitation and emission monochromators were set at 1 mm, giving a spectral bandwidth of 4.25 nm.  The data interval was 0.5 nm and the integration time was 2.0 sec. Samples were prepared in 1cm pathlength quartz cells with absorbance less than 0.1 at the excitation and all emission wavelengths to uniformly illuminate across the sample, and to avoid the inner-filter effect.  The dark counts were subtracted and the spectra were corrected for wavelength-dependent instrument sensitivity.
#
##Wavelength (nm)	Emission (AU)
435	984
435.5	988
436	981
436.5	946
437	1006
437.5	1068
438	1191
438.5	1277
439	1257
439.5	1423
440	1464
440.5	1482
441	1502
441.5	1509
442	1485
442.5	1606
443	1629
443.5	1751
444	1577
444.5	1720
445	1712
445.5	1670
446	1720
446.5	1628
447	1751
447.5	1715
448	1694
448.5	1798
449	1935
449.5	2101
450	2212
450.5	2389
451	2561
451.5	2704
452	2789
452.5	2721
453	2796
453.5	2797
454	2815
454.5	2749
455	2913
455.5	2970
456	3142
456.5	3302
457	3557
457.5	3862
458	3957
458.5	4318
459	4573
459.5	5156
460	5208
460.5	5697
461	6063
461.5	6547
462	6927
462.5	7755
463	8544
463.5	9392
464	9904
464.5	10729
465	11855
465.5	13106
466	14106
466.5	15373
467	16810
467.5	19138
468	20254
468.5	22675
469	24914
469.5	28068
470	29856
470.5	33571
471	36522
471.5	41937
472	44832
472.5	50551
473	55276
473.5	62782
474	66986
474.5	76104
475	83015
475.5	94471
476	102160
476.5	114908
477	124603
477.5	142109
478	150469
478.5	170396
479	184951
479.5	210127
480	222315
480.5	246508
481	267766
481.5	298972
482	318623
482.5	350498
483	377857
483.5	418328
484	437395
484.5	474408
485	504713
485.5	546982
486	568936
486.5	612102
487	645685
487.5	694066
488	720476
488.5	766501
489	799467
489.5	851957
490	882392
490.5	930838
491	966208
491.5	1021645
492	1052054
492.5	1104241
493	1138822
493.5	1198781
494	1221297
494.5	1272355
495	1307578
495.5	1361127
496	1387769
496.5	1435982
497	1470326
497.5	1524335
498	1550077
498.5	1597388
499	1627695
499.5	1673172
500	1704398
500.5	1741561
501	1775954
501.5	1815380
502	1841264
502.5	1877248
503	1907057
503.5	1949452
504	1970322
504.5	2001410
505	2028249
505.5	2062347
506	2078386
506.5	2100963
507	2128843
507.5	2152709
508	2168840
508.5	2190829
509	2203659
509.5	2227528
510	2232360
510.5	2247341
511	2262323
511.5	2270535
512	2279395
512.5	2284663
513	2297418
513.5	2296179
514	2308316
514.5	2306572
515	2306967
515.5	2309527
516	2306993
516.5	2307045
517	2304859
517.5	2299736
518	2297321
518.5	2299732
519	2293812
519.5	2285418
520	2284742
520.5	2274591
521	2271883
521.5	2263539
522	2262345
522.5	2252874
523	2255350
523.5	2240041
524	2241520
524.5	2234358
525	2229222
525.5	2223692
526	2222899
526.5	2211088
527	2204295
527.5	2202224
528	2199236
528.5	2198986
529	2193349
529.5	2187265
530	2187006
530.5	2184189
531	2182275
531.5	2173130
532	2173681
532.5	2176581
533	2174525
533.5	2167179
534	2165211
534.5	2162885
535	2166751
535.5	2159895
536	2157744
536.5	2154406
537	2153886
537.5	2152248
538	2151552
538.5	2144337
539	2139157
539.5	2134274
540	2129449
540.5	2125262
541	2121892
541.5	2108542
542	2105615
542.5	2099055
543	2091804
543.5	2081248
544	2075148
544.5	2060675
545	2055917
545.5	2042841
546	2038138
546.5	2020936
547	2013537
547.5	1998024
548	1993621
548.5	1973129
549	1968583
549.5	1947546
550	1940806
550.5	1922205
551	1913645
551.5	1894111
552	1885047
552.5	1867665
553	1855183
553.5	1826255
554	1818256
554.5	1800460
555	1787527
555.5	1766470
556	1754843
556.5	1740408
557	1724375
557.5	1703800
558	1693638
558.5	1674185
559	1662252
559.5	1638119
560	1625515
560.5	1608843
561	1595997
561.5	1574693
562	1562729
562.5	1545558
563	1530416
563.5	1506303
564	1492789
564.5	1482344
565	1466957
565.5	1447845
566	1436471
566.5	1418732
567	1408805
567.5	1389329
568	1380116
568.5	1364941
569	1350955
569.5	1332801
570	1327158
570.5	1307171
571	1296730
571.5	1278737
572	1275102
572.5	1261406
573	1249929
573.5	1234850
574	1226484
574.5	1213031
575	1200466
575.5	1184218
576	1183401
576.5	1169649
577	1158424
577.5	1144827
578	1139735
578.5	1129297
579	1120472
579.5	1107391
580	1101457
580.5	1092791
581	1084157
581.5	1074351
582	1067510
582.5	1061047
583	1053125
583.5	1041381
584	1035032
584.5	1027245
585	1020917
585.5	1012202
586	1005856
586.5	997299
587	991486
587.5	978987
588	973044
588.5	964051
589	956974
589.5	946579
590	942752
590.5	933536
591	930182
591.5	917183
592	907387
592.5	901479
593	898090
593.5	885670
594	882236
594.5	873146
595	866795
595.5	854977
596	850686
596.5	841181
597	836760
597.5	821081
598	817236
598.5	809812
599	800478
599.5	790267
600	788984
600.5	776286
601	769156
601.5	758546
602	753258
602.5	741851
603	737344
603.5	727425
604	721085
604.5	711629
605	705682
605.5	696808
606	689895
606.5	682853
607	676687
607.5	668469
608	662275
608.5	654113
609	644636
609.5	635962
610	633677
610.5	622917
611	617156
611.5	606937
612	601869
612.5	597483
613	588590
613.5	578636
614	571449
614.5	566342
615	560323
615.5	552559
616	545786
616.5	538426
617	534579
617.5	525045
618	522402
618.5	515630
619	509387
619.5	499226
620	497218
620.5	489625
621	488357
621.5	480094
622	475648
622.5	470814
623	464249
623.5	457271
624	453527
624.5	446655
625	442313
625.5	432168
626	427777
626.5	421382
627	415889
627.5	409010
628	407685
628.5	401752
629	400127
629.5	391425
630	390077
630.5	384242
631	383049
631.5	375388
632	373947
632.5	368181
633	366478
633.5	361326
634	358059
634.5	354782
635	351846
635.5	343709
636	343029
636.5	341585
637	335811
637.5	332319
638	328476
638.5	325685
639	322646
639.5	317838
640	314543
640.5	310638
641	307590
641.5	305434
642	303066
642.5	299497
643	295766
643.5	291294
644	290336
644.5	289050
645	284889
645.5	281172
646	280278
646.5	276781
647	271098
647.5	269733
648	268351
648.5	265847
649	262893
649.5	257985
650	254483
650.5	251855
651	253245
651.5	247588
652	246078
652.5	241750
653	242475
653.5	237858
654	236748
654.5	232448
655	232464
655.5	228985
656	227722
656.5	226685
657	222687
657.5	217895
658	217846
658.5	215449
659	211932
659.5	210471
660	207437
660.5	203915
661	204054
661.5	201956
662	200343
662.5	196566
663	194088
663.5	191689
664	190479
664.5	188637
665	186990
665.5	184250
666	184608
666.5	180956
667	178864
667.5	175208
668	176189
668.5	172925
669	172881
669.5	169014
670	166875
670.5	166331
671	163826
671.5	161920
672	159302
672.5	156631
673	157029
673.5	154435
674	152659
674.5	150448
675	149306
675.5	147581
676	145470
676.5	145286
677	143533
677.5	141197
678	140202
678.5	137618
679	136289
679.5	133593
680	134693
680.5	130413
681	130792
681.5	128473
682	127823
682.5	125762
683	124390
683.5	122437
684	120642
684.5	119665
685	117685
685.5	116173
686	114700
686.5	113902
687	114203
687.5	111617
688	108843
688.5	108665
689	108650
689.5	105707
690	106391
690.5	104415
691	104502
691.5	101355
692	100337
692.5	98410
693	99846
693.5	97460
694	96505
694.5	95703
695	94826
695.5	93050
696	92410
696.5	92421
697	89804
697.5	88331
698	89686
698.5	85527
699	86845
699.5	86223
700	83479
700.5	84027
701	82820
701.5	82858
702	81679
702.5	80490
703	79632
703.5	78304
704	77455
704.5	77171
705	77191
705.5	77460
706	76448
706.5	73561
707	72992
707.5	71818
708	72277
708.5	70763
709	69555
709.5	69733
710	68906
710.5	67221
711	66848
711.5	66567
712	65980
712.5	65686
713	64707
713.5	64833
714	65335
714.5	63146
715	62429
715.5	61822
716	62006
716.5	61881
717	60318
717.5	59853
718	58466
718.5	58088
719	56885
719.5	55936
720	56297
720.5	56113
721	56363
721.5	55340
722	53760
722.5	54728
723	52233
723.5	52496
724	52213
724.5	51460
725	50588
725.5	50087
726	50614
726.5	51601
727	49009
727.5	50303
728	49202
728.5	48231
729	47724
729.5	46893
730	48398
730.5	45979
731	45937
731.5	45973
732	44489
732.5	44191
733	44352
733.5	44041
734	44915
734.5	44000
735	43626
735.5	41709
736	42787
736.5	43509
737	41925
737.5	40722
738	40034
738.5	40777
739	40143
739.5	39774
740	40116
740.5	39582
741	38125
741.5	37295
742	38801
742.5	38235
743	38871
743.5	38824
744	38299
744.5	35090
745	36905
745.5	35984
746	35039
746.5	33867
747	35384
747.5	34866
748	35269
748.5	33218
749	34564
749.5	33568
750	33144
